0 0 1 
-0.525731 -0.723607 0.447214
0.525731 -0.723607 0.447214

-0.525731 -0.723607 0.447214
-3.90967e-08 -0.894427 -0.447214
0.525731 -0.723607 0.447214

0.525731 -0.723607 0.447214
-3.90967e-08 -0.894427 -0.447214
0.850651 -0.276393 -0.447214

-3.90967e-08 -0.894427 -0.447214
0 0 -1
0.850651 -0.276393 -0.447214

0 0 1
0.525731 -0.723607 0.447214
0.850651 0.276393 0.447214

0.525731 -0.723607 0.447214
0.850651 -0.276393 -0.447214
0.850651 0.276393 0.447214

0.850651 0.276393 0.447214
0.850651 -0.276393 -0.447214
0.525731 0.723607 -0.447214

0.850651 -0.276393 -0.447214
0 0 -1
0.525731 0.723607 -0.447214

0 0 1
0.850651 0.276393 0.447214
-1.45721e-07 0.894427 0.447214

0.850651 0.276393 0.447214
0.525731 0.723607 -0.447214
-1.45721e-07 0.894427 0.447214

-1.45721e-07 0.894427 0.447214
0.525731 0.723607 -0.447214
-0.525731 0.723607 -0.447214

0.525731 0.723607 -0.447214
0 0 -1
-0.525731 0.723607 -0.447214

0 0 1 
-1.45721e-07 0.894427 0.447214
-0.850651 0.276393 0.447214

-1.45721e-07 0.894427 0.447214
-0.525731 0.723607 -0.447214
-0.850651 0.276393 0.447214

-0.850651 0.276393 0.447214
-0.525731 0.723607 -0.447214
-0.850651 -0.276393 -0.447214

-0.525731 0.723607 -0.447214
0 0 -1
-0.850651 -0.276393 -0.447214

0 0 1
-0.850651 0.276393 0.447214
-0.525731 -0.723607 0.447214

-0.850651 0.276393 0.447214
-0.850651 -0.276393 -0.447214
-0.525731 -0.723607 0.447214

-0.525731 -0.723607 0.447214
-0.850651 -0.276393 -0.447214
-3.90967e-08 -0.894427 -0.447214

-0.850651 -0.276393 -0.447214
0 0 -1
-3.90967e-08 -0.894427 -0.447214