500,
10.66400
11.24800
11.12700

1000,
23.99800
25.39700
21.96200

1500,
37.26900
35.54300
34.78900

2000,
66.25900
60.97800
59.51400

2500,
89.31000
83.21700
89.80600

3000,
112.36500
118.32200
111.85100

3500,
145.11300
148.04800
151.14000

4000,
184.38900
190.76800
188.43400

4500,
238.61900
245.21700
243.64600

5000,
284.81800
285.00000
285.79800

5500,
338.05700
349.16200
339.69200

6000,
395.62800
389.86400
387.58500

6500,
452.68600
432.14500
438.36500

7000,
501.94100
509.69000
506.17100

7500,
589.07100
584.31000
595.63700

8000,
679.95900
676.22200
654.47600

8500,
737.87200
733.69600
737.62200

9000,
803.14200
804.96100
808.28400

9500,
876.89600
881.22500
873.58600

100000,
997.91000
974.94700
1033.11100
